001045
001075
001078
001161
001209
001230
001300
001327
001380
001440
001447
001449
001487
001598
001602
001632
001678
001690
001704
001722
001878
001891
001913
001988
002019
002086
002111
002136
002176
002184
002220
002285
002312
002403
002435
002547
002574
002663
002710
002751
002817
002884
002968
002991
003026
003062
003121
003144
003170
003221
003226
003231
003243
003336
003362
003413
003439
003504
003505
003532
003650
003735
003813
003835
003851
003897
003980
004016
004029
004058
004060
004066
004093
004145
004213
004321
004383
004423
004494
004503
004510
004517
004598
004605
004640
004674
004699
004723
004839
004885
004973
004990
005046
005047
005071
005073
005125
005256
005439
005492
005518
005543
005568
005597
005606
005643
005680
005709
005742
005783
005786
005878
005959
006008
006066
006078
006104
006136
006216
006266
006268
006304
006310
006335
006338
006375
006435
006502
006565
006649
006669
006730
006733
006742
006774
006781
006829
007017
007063
007065
007085
007146
007154
007163
007171
007228
007241
007257
007343
007366
007435
007585
007637
007647
007875
007881
007906
007923
007970
007974
007977
007982
007985
008007
008030
008068
008099
008151
008245
008247
008253
008272
008358
008402
008455
008463
008479
008530
008539
008543
008549
008551
008762
008810
008823
008898
009203
009225
009248
009465
009555
009667
009771
009777
009778
009783
009846
009850
009882
009899
010016
010035
010096
010115
010247
010407
010453
010499
010519
010530
010614
010789
010793
010795
010860
010867
010894
010903
010920
010983
011032
011060
011220
011228
011259
011264
011376
011399
011456
011465
011506
011550
011554
011672
011687
011811
011856
012124
012138
012141
012142
012441
012459
012540
012635
012726
012850
013125
013341
013421
013498
013510
013619
013700
013714
013721
013988
014225
014256
014275
014282
014359
014418
014477
014590
014822
014824
014934
014960
015247
015267
015855
016101
016245
016478
016721
017120
017874
017928
018043
018699
018872
020116
020228
020232
020548
020686
020748
020779
020904
021808
021825
022260
022325
022815
023238
023809
023812
024197
024216
024316
024344
024405
024468
024616
024617
024731
024782
024800
024856
024925
024975
025119
025124
025279
025313
025340
025434
026156
026590
027914
027928
027965
028034
028180
028191
028192
028320
028349
028733
028742
028790
028930
029028
029099
029127
029389
029392
029649
029733
029736
029751
029804
029830
029875
029901
029984
030098
030259
030293
030822
030990
031587
031673
031846
031887
032106
034410
034443
034636
035168
036190
036191
060900
060979
061388
061420
061483
061494
061567
061574
061591
061676
061739
062374
062689
063080
063892
064166
064410
064630
064768
064821
064853
064891
064925
065417
065609
065772
066065
066368
066446
100243
100873
104432
105365
110179
111864
112168
113490
114524
114628
117768
118122
119314
121077
121382
121718
124434
125595
126136
126296
126554
126721
128978
133366
133768
135990
136725
137131
138205
138743
139665
140541
141384
141459
141913
142953
143356
143357
144009
144559
145046
145552
145701
145977
147579
148349
149070
149318
149337
150937
155394
157057
157855
158742
160211
160225
160329
160479
160888
160991
161844
162129
162254
162887
162906
163610
163946
164296
164708
165052
165123
165746
165914
165993
170617
170750
170841
171007
175263
175319
175955
176928
177267
177376
178507
178704
179437
179534
179621
180405
180652
180711
183377
183736
184500
184700
184725
184996
186310
186989
187450
188255
189491
260774
294524
316056
